SK_ID_CURR,AMT_ANNUITY,AMT_CREDIT,AMT_GOODS_PRICE,AMT_INCOME_TOTAL,AMT_REQ_CREDIT_BUREAU_DAY,AMT_REQ_CREDIT_BUREAU_HOUR,AMT_REQ_CREDIT_BUREAU_MON,AMT_REQ_CREDIT_BUREAU_QRT,AMT_REQ_CREDIT_BUREAU_WEEK,AMT_REQ_CREDIT_BUREAU_YEAR
455787,20124.0,312840.0,247500.0,202500.0,0.0,0.0,0.0,1.0,0.0,6.0
455798,7452.0,135000.0,135000.0,162000.0,0.0,0.0,0.0,0.0,0.0,0.0
455802,42664.5,540000.0,540000.0,360000.0,,,,,,
455803,29605.5,260640.0,225000.0,157500.0,0.0,0.0,0.0,2.0,0.0,5.0
455804,24844.5,312840.0,247500.0,315000.0,0.0,0.0,0.0,1.0,0.0,4.0
455805,20907.0,517500.0,517500.0,337500.0,0.0,0.0,0.0,1.0,0.0,2.0
455829,25258.5,450000.0,450000.0,135000.0,0.0,0.0,0.0,1.0,0.0,0.0
455840,27157.5,257391.0,238500.0,135000.0,,,,,,
455849,37800.0,360000.0,360000.0,225000.0,,,,,,
455850,13896.0,225000.0,225000.0,297000.0,0.0,0.0,0.0,0.0,0.0,6.0
455852,32053.5,588465.0,468000.0,135000.0,0.0,0.0,0.0,1.0,0.0,3.0
455854,26091.0,454500.0,454500.0,216000.0,,,,,,
455863,27652.5,539100.0,450000.0,202500.0,0.0,0.0,0.0,0.0,0.0,6.0
455897,18855.0,237024.0,180000.0,225000.0,0.0,0.0,0.0,0.0,0.0,0.0
455902,16897.5,395766.0,283500.0,112500.0,0.0,0.0,0.0,1.0,0.0,2.0
455907,9018.0,135000.0,135000.0,90000.0,0.0,0.0,0.0,0.0,0.0,0.0
455908,36747.0,675000.0,675000.0,225000.0,0.0,0.0,0.0,1.0,0.0,1.0
455909,25303.5,274500.0,274500.0,112500.0,0.0,0.0,0.0,0.0,0.0,4.0
455940,19242.0,225000.0,225000.0,202500.0,0.0,0.0,0.0,1.0,0.0,5.0
455955,31059.0,260640.0,225000.0,67500.0,0.0,0.0,0.0,0.0,0.0,0.0
455958,36292.5,320922.0,283500.0,180000.0,0.0,0.0,0.0,2.0,0.0,4.0
455959,32679.0,275373.0,225000.0,225000.0,0.0,0.0,0.0,1.0,0.0,1.0
455960,65313.0,1125000.0,1125000.0,180000.0,0.0,0.0,0.0,1.0,0.0,1.0
455961,32665.5,599778.0,477000.0,135000.0,0.0,0.0,0.0,2.0,0.0,1.0
455962,16551.0,156384.0,135000.0,112500.0,0.0,0.0,0.0,0.0,0.0,0.0
455963,43366.5,547272.0,495000.0,360000.0,0.0,0.0,0.0,2.0,0.0,1.0
455965,57519.0,900000.0,900000.0,315000.0,0.0,0.0,0.0,0.0,0.0,2.0
456007,16398.0,318645.0,216000.0,135000.0,,,,,,
456008,13455.0,180000.0,180000.0,81000.0,0.0,0.0,0.0,2.0,0.0,3.0
456009,19530.0,360000.0,360000.0,225000.0,0.0,0.0,0.0,0.0,0.0,0.0
456010,35374.5,690313.5,549000.0,112500.0,0.0,0.0,0.0,0.0,0.0,0.0
456011,23134.5,323460.0,270000.0,171000.0,0.0,0.0,0.0,0.0,0.0,0.0
456013,37129.5,468333.0,382500.0,130500.0,0.0,0.0,0.0,1.0,0.0,0.0
456028,13284.0,166500.0,166500.0,220500.0,0.0,0.0,0.0,1.0,0.0,3.0
456058,16213.5,315000.0,315000.0,67500.0,0.0,0.0,0.0,1.0,0.0,0.0
456111,17707.5,514710.0,387000.0,112500.0,0.0,0.0,0.0,0.0,0.0,0.0
456114,24543.0,450000.0,450000.0,45000.0,0.0,0.0,0.0,1.0,0.0,2.0
456115,37917.0,1002339.0,846000.0,225000.0,0.0,0.0,0.0,0.0,0.0,3.0
456116,15291.0,149256.0,135000.0,180000.0,0.0,0.0,0.0,0.0,0.0,0.0
456119,38398.5,685386.0,585000.0,247500.0,0.0,0.0,0.0,1.0,0.0,3.0
456120,16020.0,135000.0,135000.0,81000.0,,,,,,
456122,40824.0,445095.0,405000.0,157500.0,0.0,0.0,0.0,2.0,0.0,0.0
456123,28890.0,450000.0,450000.0,112500.0,0.0,0.0,0.0,1.0,0.0,2.0
456166,54382.5,479700.0,450000.0,189000.0,0.0,0.0,0.0,1.0,0.0,3.0
456167,37764.0,1047771.0,904500.0,135000.0,0.0,0.0,0.0,0.0,0.0,0.0
456168,46660.5,835686.0,765000.0,135000.0,0.0,0.0,0.0,0.0,0.0,3.0
456169,7411.5,109008.0,90000.0,85500.0,,,,,,
456170,48888.0,500490.0,450000.0,157500.0,0.0,0.0,0.0,0.0,0.0,2.0
456189,28570.5,360000.0,360000.0,270000.0,0.0,0.0,0.0,0.0,0.0,3.0
456202,23112.0,252022.5,217561.5,135000.0,0.0,0.0,0.0,2.0,0.0,2.0
456221,17473.5,412560.0,270000.0,121500.0,0.0,0.0,0.0,0.0,0.0,1.0
456222,31909.5,622413.0,495000.0,157500.0,,,,,,
456223,33205.5,315000.0,315000.0,202500.0,0.0,0.0,0.0,3.0,0.0,1.0
456224,25128.0,450000.0,450000.0,225000.0,0.0,0.0,0.0,0.0,0.0,2.0
456250,24709.5,312768.0,270000.0,135000.0,0.0,0.0,0.0,1.0,0.0,4.0
